Segment[(-0.83, -6.16), (-0.43, -3.18)]
Segment[(-4.07, -11.96), (-3.11, -9.12)]
Segment[(-0.57, 6.47), (-0.31, 3.48)]
Segment[(4.70, 12.12), (3.62, 9.32)]
Segment[(2.18, 1.18), (-0.46, -0.25)]
Segment[(-3.90, 0.67), (-0.95, 0.16)]
Segment[(-7.12, -10.19), (-5.41, -7.73)]
Segment[(-12.23, 0.16), (-9.23, 0.12)]
Segment[(-1.50, -0.17), (1.48, 0.17)]
Segment[(-3.71, 5.18), (-1.96, 2.74)]
Segment[(-4.52, 6.10), (-2.73, 3.69)]
Segment[(7.10, 4.38), (4.55, 2.80)]
Segment[(2.40, -3.67), (0.76, -1.16)]
Segment[(-1.18, 5.63), (-0.57, 2.69)]
Segment[(-3.43, 4.00), (-1.48, 1.72)]
Segment[(3.37, 2.91), (1.10, 0.95)]
Segment[(5.07, -0.62), (2.09, -0.26)]
Segment[(-4.41, 1.06), (-1.50, 0.36)]
Segment[(7.20, -11.61), (5.62, -9.06)]
Segment[(1.48, -1.03), (-0.98, 0.68)]
Segment[(-2.50, 1.10), (0.25, -0.11)]
Segment[(10.20, -1.20), (7.22, -0.85)]
Segment[(4.06, -7.08), (2.57, -4.48)]
Segment[(-2.23, -7.51), (-1.38, -4.63)]
Segment[(-4.90, 7.40), (-3.24, 4.90)]
Segment[(-8.35, -10.17), (-6.45, -7.85)]
Segment[(-4.68, -10.52), (-3.46, -7.78)]
Segment[(-8.03, -2.09), (-5.13, -1.33)]
Segment[(5.60, 11.70), (4.30, 9.00)]
Segment[(1.94, -1.95), (-0.17, 0.18)]
Segment[(6.71, 0.51), (3.72, 0.28)]
Segment[(0.94, 3.30), (0.12, 0.41)]
Segment[(5.01, 1.99), (2.22, 0.88)]
Segment[(3.45, -10.59), (2.52, -7.74)]
Segment[(-4.84, 6.17), (-2.99, 3.81)]
Segment[(-5.75, 5.84), (-3.65, 3.71)]
Segment[(-2.89, -7.80), (-1.85, -4.99)]
Segment[(-6.11, 4.73), (-3.74, 2.89)]
Segment[(-11.83, 6.44), (-9.19, 5.01)]
Segment[(2.16, -3.52), (0.59, -0.97)]
Segment[(1.87, -0.73), (-0.93, 0.36)]
Segment[(2.34, -7.73), (1.47, -4.86)]
Segment[(5.52, -1.44), (2.62, -0.68)]
Segment[(3.60, -3.69), (1.51, -1.54)]
Segment[(8.76, 0.52), (5.77, 0.34)]
Segment[(-1.23, -9.22), (-0.83, -6.25)]
Segment[(-1.15, 6.71), (-0.64, 3.75)]
Segment[(-1.83, -12.41), (-1.40, -9.44)]
Segment[(-1.29, 9.82), (-0.90, 6.84)]
Segment[(1.95, 0.66), (-0.89, -0.30)]
Segment[(-3.87, 4.81), (-1.99, 2.47)]
Segment[(1.17, 8.81), (0.78, 5.84)]
Segment[(-2.40, -7.34), (-1.47, -4.49)]
Segment[(-8.34, 3.42), (-5.57, 2.28)]
Segment[(-5.57, -5.31), (-3.40, -3.24)]
Segment[(-3.63, -0.76), (-0.70, -0.15)]
Segment[(7.61, -2.93), (4.81, -1.85)]
Segment[(5.72, 11.11), (4.35, 8.44)]
Segment[(-3.00, 9.37), (-2.08, 6.51)]
Segment[(5.46, -0.77), (2.49, -0.35)]
Segment[(10.95, 0.24), (7.95, 0.18)]
Segment[(7.37, 4.44), (4.80, 2.89)]
Segment[(-5.72, 2.22), (-2.92, 1.13)]
Segment[(7.13, 3.65), (4.46, 2.28)]
Segment[(-7.03, -3.39), (-4.33, -2.09)]
Segment[(-10.94, -6.90), (-8.40, -5.30)]
Segment[(-5.69, -1.53), (-2.79, -0.75)]
Segment[(-2.00, -2.02), (0.11, 0.11)]
Segment[(12.62, -4.02), (9.77, -3.11)]
Segment[(3.54, -4.00), (1.55, -1.76)]
Segment[(3.66, -12.23), (2.80, -9.36)]
Segment[(6.16, -1.77), (3.27, -0.94)]
Segment[(-2.27, -2.52), (-0.27, -0.30)]
Segment[(7.33, 11.72), (5.74, 9.18)]
Segment[(11.07, -1.52), (8.10, -1.11)]
Segment[(-2.24, 13.02), (-1.73, 10.06)]
Segment[(-12.42, 0.95), (-9.43, 0.72)]
Segment[(2.52, 12.10), (1.91, 9.16)]
Segment[(9.79, -3.59), (6.97, -2.56)]
Segment[(5.45, 12.14), (4.22, 9.40)]
Segment[(-10.67, -5.67), (-8.02, -4.27)]
Segment[(3.24, -7.21), (2.01, -4.47)]
Segment[(0.67, -9.25), (0.45, -6.26)]
Segment[(-0.29, 11.28), (-0.21, 8.28)]
Segment[(-8.86, -6.57), (-6.45, -4.79)]
Segment[(-3.82, 0.90), (-0.90, 0.21)]
Segment[(-5.55, 1.29), (-2.63, 0.61)]
Segment[(2.95, -8.85), (2.00, -6.01)]
Segment[(12.23, -3.18), (9.33, -2.43)]
Segment[(1.33, 2.65), (-0.02, -0.04)]
Segment[(-1.85, 0.89), (0.85, -0.41)]
Segment[(-0.65, -4.31), (-0.20, -1.35)]
Segment[(-4.80, 1.73), (-1.98, 0.71)]
Segment[(-9.58, 4.97), (-6.92, 3.59)]
Segment[(-4.04, 3.71), (-1.83, 1.68)]
Segment[(-11.64, -0.83), (-8.65, -0.62)]
Segment[(-8.86, -3.60), (-6.08, -2.47)]
Segment[(2.25, 4.07), (0.80, 1.44)]
Segment[(11.06, 1.87), (8.10, 1.37)]
Segment[(-1.35, 2.35), (0.15, -0.25)]
Segment[(-10.73, 2.58), (-7.82, 1.88)]
Segment[(2.85, 0.91), (-0.01, -0.00)]
Segment[(-1.78, 5.80), (-0.90, 2.93)]
Segment[(-2.05, 6.55), (-1.15, 3.69)]
Segment[(-9.54, -1.20), (-6.57, -0.83)]
Segment[(-5.70, -10.37), (-4.26, -7.74)]
Segment[(0.37, 4.87), (0.14, 1.88)]
Segment[(0.86, -2.18), (-0.24, 0.61)]
Segment[(-4.49, -0.40), (-1.51, -0.13)]
Segment[(9.84, 2.48), (6.93, 1.74)]
Segment[(-7.17, -0.30), (-4.17, -0.17)]
Segment[(8.12, 2.88), (5.29, 1.88)]
Segment[(-10.37, 3.35), (-7.51, 2.43)]
Segment[(8.99, 7.72), (6.71, 5.77)]
Segment[(-11.65, -0.30), (-8.65, -0.22)]
Segment[(-4.07, -3.52), (-1.80, -1.56)]
Segment[(9.56, 0.05), (6.56, 0.03)]
Segment[(-4.23, 0.74), (-1.27, 0.22)]
Segment[(9.40, 9.74), (7.32, 7.58)]
Segment[(0.87, 3.02), (0.04, 0.13)]
Segment[(-3.96, -1.89), (-1.25, -0.60)]
Segment[(9.50, 9.42), (7.37, 7.31)]
Segment[(5.62, 7.86), (3.87, 5.42)]
Segment[(-2.69, -0.80), (0.18, 0.05)]
Segment[(12.62, -0.79), (9.62, -0.61)]
Segment[(-6.91, 3.36), (-4.21, 2.05)]
Segment[(1.66, 11.33), (1.22, 8.36)]
Segment[(-3.56, 5.93), (-2.02, 3.36)]
Segment[(6.19, -11.49), (4.77, -8.85)]
Segment[(2.59, 3.31), (0.74, 0.94)]
Segment[(-3.12, -0.31), (-0.14, -0.01)]
Segment[(-5.31, 5.06), (-3.13, 2.99)]
Segment[(-0.92, 1.45), (0.69, -1.09)]
Segment[(-9.94, -8.52), (-7.67, -6.57)]
Segment[(7.32, -2.81), (4.52, -1.74)]
Segment[(4.69, -11.12), (3.52, -8.36)]
Segment[(5.78, 0.89), (2.81, 0.43)]
Segment[(8.57, 2.91), (5.73, 1.95)]
Segment[(10.41, 4.80), (7.69, 3.55)]
Segment[(-11.09, 1.31), (-8.11, 0.96)]
Segment[(2.37, -4.71), (1.03, -2.03)]
Segment[(4.15, -0.38), (1.16, -0.11)]
Segment[(-5.34, -4.27), (-3.00, -2.40)]
Segment[(-5.65, 3.44), (-3.09, 1.88)]
Segment[(10.92, -4.55), (8.15, -3.40)]
Segment[(2.59, -9.57), (1.81, -6.67)]
Segment[(-7.99, -2.10), (-5.09, -1.34)]
Segment[(-5.94, 2.26), (-3.13, 1.19)]
Segment[(-0.36, 6.44), (-0.19, 3.45)]
Segment[(-9.71, 8.91), (-7.50, 6.88)]
Segment[(8.31, -7.67), (6.11, -5.63)]
Segment[(6.86, -2.54), (4.05, -1.50)]
Segment[(-8.74, 2.88), (-5.89, 1.94)]
Segment[(3.83, -0.06), (0.83, -0.01)]
Segment[(9.97, 3.07), (7.11, 2.19)]
Segment[(-1.69, -4.80), (-0.69, -1.97)]
Segment[(-4.99, -4.96), (-2.86, -2.84)]
Segment[(2.49, 2.99), (0.57, 0.68)]
Segment[(8.11, -8.77), (6.07, -6.57)]
Segment[(3.47, -3.61), (1.39, -1.44)]
Segment[(-0.88, -1.65), (0.53, 1.00)]
Segment[(-7.98, -7.16), (-5.75, -5.16)]
Segment[(1.06, 4.61), (0.39, 1.68)]
Segment[(5.95, 8.04), (4.16, 5.63)]
Segment[(1.40, 3.80), (0.36, 0.99)]
Segment[(-0.75, -4.27), (-0.23, -1.32)]
Segment[(0.31, 13.82), (0.25, 10.82)]
Segment[(9.33, -3.13), (6.48, -2.18)]
Segment[(7.69, 3.65), (4.98, 2.36)]
Segment[(-6.04, -1.39), (-3.12, -0.72)]
Segment[(-3.69, 11.21), (-2.76, 8.36)]
Segment[(2.99, -9.03), (2.05, -6.18)]
Segment[(-2.16, -3.18), (-0.47, -0.70)]
Segment[(-1.24, 1.76), (0.49, -0.69)]
Segment[(-9.91, 8.35), (-7.61, 6.42)]
Segment[(4.49, -8.00), (3.02, -5.38)]
Segment[(-1.39, -0.85), (1.17, 0.71)]
Segment[(1.13, 4.22), (0.36, 1.32)]
Segment[(-5.95, 11.33), (-4.55, 8.67)]
Segment[(-7.48, 7.52), (-5.36, 5.39)]
Segment[(0.92, 11.07), (0.67, 8.08)]
Segment[(-1.85, -1.49), (0.48, 0.39)]
Segment[(-10.35, 0.53), (-7.35, 0.38)]
Segment[(-3.01, -12.47), (-2.31, -9.55)]
Segment[(1.09, -9.08), (0.73, -6.10)]
Segment[(-0.48, 3.12), (-0.02, 0.16)]
Segment[(4.33, 12.65), (3.36, 9.81)]
Segment[(8.45, -3.52), (5.68, -2.36)]
Segment[(2.80, -4.71), (1.27, -2.13)]
Segment[(8.34, 6.00), (5.91, 4.25)]
Segment[(-4.21, -12.97), (-3.28, -10.12)]
Segment[(10.19, -3.96), (7.40, -2.88)]
Segment[(2.63, -2.15), (0.31, -0.25)]
Segment[(1.70, 4.29), (0.60, 1.50)]
Segment[(3.62, -6.92), (2.23, -4.26)]
Segment[(-10.10, -1.75), (-7.15, -1.23)]
Segment[(3.65, 4.20), (1.69, 1.94)]
Segment[(1.57, 0.44), (-1.31, -0.37)]
Segment[(1.74, 13.37), (1.35, 10.39)]
Segment[(-3.95, -5.47), (-2.19, -3.04)]
Segment[(2.43, 1.38), (-0.18, -0.10)]
Segment[(6.02, -8.27), (4.26, -5.84)]
Segment[(-0.48, 5.51), (-0.22, 2.52)]
Segment[(1.96, -10.81), (1.42, -7.86)]
Segment[(-0.40, -8.03), (-0.25, -5.04)]
Segment[(4.83, -2.83), (2.24, -1.31)]
Segment[(-10.31, 0.45), (-7.31, 0.32)]
Segment[(-8.77, 8.06), (-6.56, 6.03)]
Segment[(-10.25, 3.39), (-7.40, 2.45)]
Segment[(0.82, 3.64), (0.16, 0.72)]
Segment[(3.16, -7.02), (1.93, -4.28)]
Segment[(-7.96, -2.34), (-5.08, -1.50)]
Segment[(-0.48, 1.61), (0.38, -1.26)]
Segment[(11.38, 5.04), (8.64, 3.82)]
Segment[(0.48, 3.27), (0.04, 0.30)]
Segment[(-1.10, -4.20), (-0.34, -1.30)]
Segment[(1.45, 4.79), (0.58, 1.92)]
Segment[(8.16, -3.65), (5.42, -2.43)]
Segment[(3.66, 7.93), (2.41, 5.21)]
Segment[(-6.64, -1.21), (-3.69, -0.68)]
Segment[(-5.02, -4.06), (-2.69, -2.17)]
Segment[(-3.75, 5.26), (-2.01, 2.82)]
Segment[(-3.35, -2.90), (-1.08, -0.94)]
Segment[(7.28, -8.20), (5.29, -5.96)]
Segment[(2.88, -13.45), (2.25, -10.51)]
Segment[(9.82, -1.99), (6.88, -1.40)]
Segment[(-9.75, -3.77), (-6.95, -2.69)]
Segment[(11.19, -8.20), (8.77, -6.43)]
Segment[(2.20, -12.35), (1.68, -9.40)]
Segment[(-0.48, -11.16), (-0.35, -8.17)]
Segment[(-2.14, 1.39), (0.38, -0.25)]
Segment[(-2.08, 2.31), (-0.07, 0.08)]
Segment[(5.10, -0.55), (2.12, -0.23)]
Segment[(1.57, 9.21), (1.07, 6.26)]
Segment[(2.61, -10.72), (1.90, -7.81)]
Segment[(9.27, -4.81), (6.61, -3.43)]
Segment[(-3.06, 6.26), (-1.74, 3.56)]
Segment[(9.67, -1.13), (6.69, -0.78)]
Segment[(2.27, 0.96), (-0.49, -0.21)]
Segment[(-2.78, -3.19), (-0.81, -0.93)]
Segment[(12.19, 5.93), (9.49, 4.62)]
Segment[(5.20, 8.87), (3.68, 6.28)]
Segment[(-6.52, 1.37), (-3.58, 0.75)]
Segment[(-7.05, -4.47), (-4.52, -2.86)]
Segment[(-3.77, 11.99), (-2.87, 9.13)]
Segment[(1.25, 2.38), (-0.15, -0.28)]
Segment[(8.49, -11.12), (6.67, -8.74)]
Segment[(-6.99, -7.58), (-4.95, -5.37)]
Segment[(3.45, -1.72), (0.76, -0.38)]
Segment[(-11.95, 3.69), (-9.09, 2.81)]
Segment[(4.87, 2.63), (2.23, 1.20)]
Segment[(1.02, 8.28), (0.65, 5.30)]
Segment[(-1.95, 0.92), (0.76, -0.36)]
Segment[(-2.98, 1.43), (-0.27, 0.13)]
Segment[(3.50, 0.03), (0.50, 0.00)]
Segment[(-9.90, 2.02), (-6.96, 1.42)]
Segment[(6.11, 8.29), (4.33, 5.88)]
Segment[(-6.91, -2.47), (-4.08, -1.46)]
Segment[(3.36, 2.96), (1.11, 0.98)]
Segment[(4.66, 6.37), (2.89, 3.95)]
Segment[(1.50, 12.42), (1.14, 9.44)]
Segment[(-7.85, 0.68), (-4.86, 0.42)]
Segment[(2.49, -7.60), (1.55, -4.75)]
Segment[(5.27, 1.50), (2.39, 0.68)]
Segment[(4.34, 12.46), (3.36, 9.62)]
Segment[(-7.82, 7.03), (-5.59, 5.02)]
Segment[(0.85, 2.82), (-0.02, -0.05)]
Segment[(0.18, 8.98), (0.12, 5.98)]
Segment[(5.70, 6.23), (3.68, 4.02)]
Segment[(-1.83, 3.05), (-0.29, 0.48)]
Segment[(-0.58, -11.67), (-0.43, -8.68)]
Segment[(-3.36, -5.85), (-1.87, -3.25)]
Segment[(-2.91, -0.09), (0.09, 0.00)]
Segment[(6.45, -3.88), (3.88, -2.33)]
Segment[(0.54, 4.60), (0.19, 1.62)]
Segment[(-8.40, -10.46), (-6.52, -8.12)]
Segment[(-7.46, -5.77), (-5.08, -3.93)]
Segment[(7.61, -11.33), (5.94, -8.84)]
Segment[(-6.37, -7.74), (-4.46, -5.42)]
Segment[(-1.31, -2.62), (0.03, 0.07)]
Segment[(-4.95, -4.20), (-2.66, -2.26)]
Segment[(4.26, -10.63), (3.14, -7.84)]
Segment[(-6.41, 1.23), (-3.47, 0.66)]
Segment[(-1.82, 5.36), (-0.85, 2.51)]
Segment[(-0.81, 3.47), (-0.13, 0.55)]
Segment[(-3.95, 3.71), (-1.76, 1.65)]
Segment[(0.45, -11.25), (0.33, -8.25)]
Segment[(6.41, 3.04), (3.70, 1.75)]
Segment[(-0.37, 1.61), (0.30, -1.31)]
Segment[(7.76, 2.68), (4.92, 1.70)]
Segment[(-3.93, -12.34), (-3.02, -9.49)]
Segment[(-5.52, -9.06), (-3.96, -6.50)]
Segment[(9.23, 7.24), (6.87, 5.39)]
Segment[(-9.67, 3.87), (-6.89, 2.76)]
Segment[(11.58, -6.05), (8.92, -4.66)]
Segment[(1.16, 1.24), (-0.89, -0.95)]
Segment[(-3.56, -4.73), (-1.75, -2.33)]
Segment[(-1.80, -0.71), (0.99, 0.39)]
Segment[(-6.55, 10.23), (-4.94, 7.70)]
Segment[(-0.62, 13.93), (-0.48, 10.93)]
Segment[(-1.32, 0.87), (1.19, -0.78)]
Segment[(-0.90, 7.25), (-0.53, 4.27)]
Segment[(-1.90, -3.55), (-0.48, -0.90)]
Segment[(8.47, 2.55), (5.60, 1.69)]
Segment[(-0.88, 2.98), (-0.03, 0.11)]
Segment[(3.96, -9.45), (2.80, -6.68)]
Segment[(-2.59, -1.12), (0.16, 0.07)]
Segment[(-3.88, 6.31), (-2.31, 3.76)]
Segment[(1.46, 0.76), (-1.21, -0.63)]
Segment[(-4.63, 0.12), (-1.63, 0.04)]
Segment[(-1.67, 2.17), (0.16, -0.21)]
Segment[(-10.28, -2.72), (-7.38, -1.95)]
Segment[(-6.84, 3.02), (-4.09, 1.81)]
Segment[(-9.56, 0.81), (-6.57, 0.55)]
Segment[(-7.55, 3.25), (-4.80, 2.07)]
Segment[(-9.16, -0.20), (-6.16, -0.13)]
Segment[(-1.47, -2.47), (0.06, 0.11)]
Segment[(-0.41, -11.16), (-0.30, -8.17)]
Segment[(-1.25, 9.29), (-0.85, 6.32)]
Segment[(-6.95, 0.21), (-3.95, 0.12)]
Segment[(2.69, -0.11), (-0.31, 0.01)]
Segment[(5.05, 2.25), (2.31, 1.03)]
Segment[(2.68, 0.36), (-0.29, -0.04)]
Segment[(-4.05, 8.08), (-2.71, 5.40)]
Segment[(-10.18, -0.93), (-7.20, -0.66)]
Segment[(-0.72, 6.19), (-0.37, 3.21)]
Segment[(2.01, -6.94), (1.18, -4.05)]
Segment[(-9.70, -4.80), (-7.01, -3.47)]
Segment[(0.33, -5.97), (0.17, -2.98)]
Segment[(-3.04, 0.39), (-0.07, 0.01)]
Segment[(-13.05, -2.43), (-10.10, -1.88)]
Segment[(13.58, -3.08), (10.65, -2.42)]
Segment[(5.01, -4.43), (2.76, -2.44)]
Segment[(-8.91, -4.48), (-6.23, -3.13)]
Segment[(-1.77, 0.06), (1.23, -0.04)]
Segment[(3.53, -5.04), (1.81, -2.58)]
Segment[(-7.14, 0.26), (-4.14, 0.15)]
Segment[(-0.40, -1.92), (0.21, 1.02)]
Segment[(-7.68, 4.00), (-5.02, 2.61)]
Segment[(2.04, -5.10), (0.93, -2.31)]
Segment[(4.34, 2.20), (1.67, 0.85)]
Segment[(3.55, 1.00), (0.66, 0.19)]
Segment[(-0.80, 9.73), (-0.55, 6.74)]
Segment[(-4.98, 2.61), (-2.32, 1.22)]
Segment[(6.96, 3.06), (4.22, 1.85)]
Segment[(-4.37, 1.16), (-1.47, 0.39)]
Segment[(-12.60, -4.50), (-9.78, -3.49)]
Segment[(8.78, 5.91), (6.29, 4.23)]
Segment[(-10.51, -3.44), (-7.66, -2.50)]
Segment[(-11.74, -4.79), (-8.96, -3.66)]
Segment[(-9.96, 4.06), (-7.18, 2.93)]
Segment[(7.75, 3.33), (4.99, 2.15)]
Segment[(-8.62, -4.05), (-5.91, -2.77)]
Segment[(-3.43, -10.40), (-2.49, -7.55)]
Segment[(-1.84, 9.12), (-1.25, 6.18)]
Segment[(-8.94, -0.99), (-5.96, -0.66)]
Segment[(1.62, 0.74), (-1.11, -0.50)]
Segment[(8.96, 10.74), (7.04, 8.44)]
Segment[(10.21, -4.60), (7.47, -3.37)]
Segment[(3.42, -7.41), (2.16, -4.69)]
Segment[(-4.63, 1.35), (-1.75, 0.51)]
Segment[(-1.49, 1.52), (0.61, -0.62)]
Segment[(-9.91, -7.14), (-7.47, -5.38)]
Segment[(2.73, -2.61), (0.56, -0.54)]
Segment[(4.00, -12.23), (3.07, -9.38)]
Segment[(-6.57, -1.69), (-3.66, -0.94)]
Segment[(-5.15, 6.71), (-3.32, 4.33)]
Segment[(-8.26, -10.11), (-6.36, -7.78)]
Segment[(-1.04, -1.40), (0.75, 1.01)]
Segment[(9.85, -1.30), (6.87, -0.91)]
Segment[(-0.80, 10.82), (-0.58, 7.83)]
Segment[(-1.35, -3.84), (-0.36, -1.01)]
Segment[(-3.41, 0.85), (-0.49, 0.12)]
Segment[(6.29, -4.32), (3.81, -2.62)]
Segment[(3.28, 3.68), (1.29, 1.44)]
Segment[(3.81, 0.47), (0.83, 0.10)]
Segment[(-5.78, -12.69), (-4.54, -9.96)]
Segment[(3.49, 12.08), (2.66, 9.20)]
Segment[(5.03, -3.28), (2.52, -1.64)]
Segment[(3.99, -6.82), (2.48, -4.23)]
Segment[(-7.08, 3.33), (-4.36, 2.06)]
Segment[(-5.83, 5.91), (-3.72, 3.77)]
Segment[(-5.60, -7.76), (-3.85, -5.33)]
Segment[(-3.25, -2.39), (-0.83, -0.61)]
Segment[(4.75, -11.05), (3.56, -8.29)]
Segment[(-4.58, -1.62), (-1.75, -0.62)]
Segment[(4.68, 11.13), (3.52, 8.36)]
Segment[(6.91, 7.22), (4.83, 5.05)]
Segment[(8.20, -7.94), (6.05, -5.86)]
Segment[(-1.70, -8.45), (-1.11, -5.51)]
Segment[(-1.19, 1.56), (0.63, -0.82)]
Segment[(5.09, -11.74), (3.90, -8.99)]
Segment[(6.80, 10.62), (5.18, 8.10)]
Segment[(5.94, -1.22), (3.00, -0.62)]
Segment[(6.30, -5.84), (4.10, -3.80)]
Segment[(9.59, 0.57), (6.59, 0.39)]
Segment[(2.29, -1.88), (-0.03, 0.03)]
Segment[(11.35, -3.01), (8.45, -2.24)]
Segment[(6.92, -5.57), (4.58, -3.69)]
Segment[(-12.67, -0.02), (-9.67, -0.01)]
Segment[(1.76, -4.59), (0.68, -1.79)]
Segment[(-4.97, 1.52), (-2.10, 0.64)]
Segment[(4.23, 0.94), (1.30, 0.29)]
Segment[(4.01, 4.20), (1.94, 2.03)]
Segment[(-10.84, -7.55), (-8.38, -5.84)]
Segment[(6.98, -0.30), (3.99, -0.17)]
Segment[(0.55, 5.83), (0.27, 2.84)]
Segment[(-2.43, -0.42), (0.53, 0.09)]
Segment[(2.21, -0.63), (-0.68, 0.19)]
Segment[(-1.77, -6.07), (-0.93, -3.19)]
Segment[(12.33, 6.34), (9.66, 4.97)]
Segment[(5.30, -0.55), (2.31, -0.24)]
Segment[(-1.03, 4.00), (-0.28, 1.10)]
Segment[(0.47, 2.61), (-0.06, -0.34)]
Segment[(1.93, -5.93), (1.00, -3.08)]
Segment[(-4.49, 2.24), (-1.80, 0.90)]
Segment[(6.22, 1.03), (3.26, 0.54)]
Segment[(-1.08, -11.36), (-0.80, -8.37)]
Segment[(8.47, -3.27), (5.67, -2.19)]
Segment[(-5.15, -1.38), (-2.25, -0.60)]
Segment[(-7.45, -2.67), (-4.62, -1.66)]
Segment[(4.18, 7.74), (2.75, 5.10)]
Segment[(-11.31, -5.90), (-8.65, -4.51)]
Segment[(12.51, 0.73), (9.52, 0.55)]
Segment[(2.37, -7.94), (1.51, -5.07)]
Segment[(-3.09, 0.15), (-0.09, 0.00)]
Segment[(2.34, 7.96), (1.49, 5.08)]
Segment[(9.21, -10.22), (7.20, -7.99)]
Segment[(-2.75, 2.22), (-0.42, 0.34)]
Segment[(5.50, 5.22), (3.32, 3.15)]
Segment[(-0.05, 6.58), (-0.03, 3.58)]
Segment[(6.89, -0.12), (3.89, -0.07)]
Segment[(-3.37, -0.46), (-0.40, -0.05)]
Segment[(-2.50, 0.13), (0.49, -0.03)]
Segment[(0.91, 2.66), (-0.06, -0.18)]
Segment[(-0.30, -7.12), (-0.17, -4.12)]
Segment[(-3.25, 4.89), (-1.59, 2.40)]
Segment[(-1.63, -10.96), (-1.19, -8.00)]
Segment[(-5.71, 9.85), (-4.20, 7.26)]
Segment[(-3.05, -3.90), (-1.20, -1.54)]
Segment[(4.37, 1.77), (1.59, 0.64)]
Segment[(-1.94, 0.82), (0.82, -0.35)]
Segment[(5.49, 6.43), (3.54, 4.15)]
Segment[(-4.22, 12.66), (-3.27, 9.81)]
Segment[(-3.49, -3.14), (-1.26, -1.14)]
Segment[(-4.01, -5.24), (-2.19, -2.86)]
Segment[(-1.37, 7.29), (-0.82, 4.34)]
Segment[(-2.53, 2.94), (-0.57, 0.67)]
Segment[(7.24, 0.15), (4.24, 0.09)]
Segment[(6.18, -9.09), (4.49, -6.61)]
Segment[(-0.03, 4.64), (-0.01, 1.64)]
Segment[(-4.44, -5.46), (-2.54, -3.13)]
Segment[(0.92, 3.67), (0.19, 0.76)]
Segment[(1.00, 1.67), (-0.54, -0.91)]
Segment[(-5.94, -5.43), (-3.73, -3.41)]
Segment[(-8.09, 11.36), (-6.35, 8.92)]
Segment[(0.49, -1.97), (-0.24, 0.95)]
Segment[(-5.74, -11.29), (-4.38, -8.61)]
Segment[(8.87, -6.45), (6.44, -4.69)]
Segment[(-4.67, 1.20), (-1.76, 0.45)]
Segment[(9.63, 2.51), (6.73, 1.75)]
Segment[(3.42, -7.55), (2.18, -4.82)]
Segment[(10.13, 5.11), (7.45, 3.76)]
Segment[(1.09, 3.68), (0.24, 0.81)]
Segment[(1.40, -2.29), (-0.16, 0.26)]
Segment[(9.86, -3.28), (7.01, -2.33)]
Segment[(-3.80, -13.20), (-2.97, -10.32)]
Segment[(-4.87, -9.49), (-3.50, -6.82)]
Segment[(8.93, 3.65), (6.16, 2.51)]
Segment[(10.38, 1.33), (7.40, 0.95)]
Segment[(-0.53, -1.53), (0.45, 1.30)]
Segment[(-7.74, -3.50), (-5.00, -2.27)]
Segment[(-4.46, -8.40), (-3.05, -5.75)]
Segment[(-7.21, 6.95), (-5.05, 4.87)]
Segment[(-2.33, -4.47), (-0.94, -1.81)]
Segment[(10.68, 3.29), (7.81, 2.41)]
Segment[(-6.35, 4.84), (-3.96, 3.02)]
Segment[(-4.66, -11.33), (-3.52, -8.56)]
Segment[(13.44, -1.54), (10.46, -1.20)]
Segment[(-1.23, -11.82), (-0.92, -8.84)]
Segment[(10.51, 3.07), (7.63, 2.23)]
Segment[(2.74, -0.21), (-0.25, 0.02)]
Segment[(-4.01, 8.43), (-2.72, 5.73)]
Segment[(3.23, -7.75), (2.07, -4.98)]
Segment[(-5.12, 1.42), (-2.23, 0.62)]
Segment[(4.40, -5.12), (2.44, -2.84)]
Segment[(8.57, -0.23), (5.57, -0.15)]
Segment[(-0.91, 4.76), (-0.35, 1.82)]
Segment[(9.50, 3.87), (6.72, 2.74)]
Segment[(-0.33, -10.48), (-0.24, -7.48)]
Segment[(2.91, -9.55), (2.03, -6.68)]
Segment[(-0.81, 2.53), (0.11, -0.33)]
Segment[(10.13, 4.98), (7.43, 3.66)]
Segment[(-4.88, 7.69), (-3.27, 5.16)]
Segment[(-1.71, -0.04), (1.29, 0.03)]
Segment[(-1.87, -5.06), (-0.83, -2.25)]
Segment[(-0.68, 1.91), (0.33, -0.92)]
Segment[(2.66, 5.52), (1.36, 2.81)]
Segment[(13.24, 1.10), (10.25, 0.85)]
Segment[(-12.03, -4.53), (-9.22, -3.47)]
Segment[(-6.75, -5.85), (-4.49, -3.88)]
Segment[(-0.49, 1.86), (0.27, -1.04)]
Segment[(10.75, 7.17), (8.26, 5.50)]
Segment[(4.03, -0.14), (1.03, -0.04)]
Segment[(10.92, -2.61), (8.00, -1.92)]
Segment[(8.86, 0.45), (5.87, 0.30)]
Segment[(1.14, -12.59), (0.87, -9.60)]
Segment[(9.23, -1.03), (6.25, -0.70)]
Segment[(4.64, 4.10), (2.39, 2.12)]
Segment[(4.19, -3.53), (1.90, -1.60)]
Segment[(-1.89, 5.93), (-0.98, 3.07)]
Segment[(-5.75, 6.96), (-3.84, 4.65)]
Segment[(6.94, -2.23), (4.08, -1.31)]
Segment[(0.50, -4.56), (0.17, -1.57)]
Segment[(1.53, -1.96), (-0.31, 0.40)]
Segment[(8.33, -3.26), (5.54, -2.17)]
Segment[(-10.34, 7.05), (-7.86, 5.36)]
Segment[(9.72, -4.29), (6.98, -3.08)]
Segment[(-0.54, -3.76), (-0.11, -0.79)]
Segment[(0.03, -4.31), (0.01, -1.31)]
Segment[(5.51, 1.34), (2.59, 0.63)]
Segment[(-3.19, 1.50), (-0.47, 0.22)]
Segment[(0.74, 4.91), (0.29, 1.95)]
Segment[(-6.58, 5.15), (-4.22, 3.30)]
Segment[(0.45, 2.84), (-0.02, -0.13)]
Segment[(-11.43, 1.51), (-8.45, 1.12)]
Segment[(5.14, 11.37), (3.91, 8.63)]
Segment[(-7.00, -1.69), (-4.08, -0.98)]
Segment[(6.80, -1.18), (3.85, -0.67)]
Segment[(10.48, 2.26), (7.55, 1.62)]
Segment[(7.93, 4.11), (5.26, 2.73)]
Segment[(-3.79, -0.63), (-0.83, -0.14)]
Segment[(-4.38, 5.30), (-2.47, 2.98)]
Segment[(-12.95, 3.88), (-10.08, 3.02)]
Segment[(3.22, -12.47), (2.47, -9.57)]
Segment[(9.91, 9.53), (7.75, 7.45)]
Segment[(-8.40, -6.60), (-6.04, -4.74)]
Segment[(-2.99, 8.24), (-1.97, 5.42)]
Segment[(8.98, -0.59), (5.98, -0.40)]
Segment[(-7.88, 8.93), (-5.89, 6.68)]
Segment[(0.63, -10.28), (0.45, -7.29)]
Segment[(-0.82, 3.30), (-0.10, 0.39)]
Segment[(7.76, 7.71), (5.64, 5.59)]
Segment[(-6.04, -2.59), (-3.29, -1.41)]
Segment[(4.86, 0.55), (1.87, 0.21)]
Segment[(-0.72, 3.05), (-0.03, 0.13)]
Segment[(6.66, 2.65), (3.87, 1.54)]
Segment[(-1.67, 1.07), (0.86, -0.55)]
Segment[(-3.38, -5.75), (-1.86, -3.16)]
Segment[(-7.00, -1.93), (-4.11, -1.13)]
Segment[(-0.95, 1.71), (0.51, -0.91)]
Segment[(3.20, 12.24), (2.44, 9.34)]
Segment[(-2.94, -3.64), (-1.06, -1.31)]
Segment[(4.82, -1.26), (1.91, -0.50)]
Segment[(1.81, 0.20), (-1.17, -0.13)]
Segment[(-0.13, 4.27), (-0.04, 1.27)]
Segment[(-1.17, -11.24), (-0.86, -8.25)]
Segment[(-10.64, -1.74), (-7.68, -1.26)]
Segment[(-0.15, 9.68), (-0.10, 6.68)]
Segment[(-3.99, 10.37), (-2.91, 7.57)]
Segment[(-3.12, 2.60), (-0.82, 0.68)]
Segment[(9.44, -10.28), (7.41, -8.07)]
Segment[(-1.07, 1.49), (0.68, -0.94)]
Segment[(1.06, 4.94), (0.43, 2.01)]
Segment[(6.73, 10.98), (5.16, 8.42)]
Segment[(4.06, -2.06), (1.38, -0.70)]
Segment[(-12.11, -4.33), (-9.28, -3.32)]
Segment[(-2.16, -2.87), (-0.36, -0.48)]
Segment[(0.40, -2.39), (-0.09, 0.57)]
Segment[(-0.12, -13.53), (-0.10, -10.53)]
Segment[(-2.82, 1.35), (-0.11, 0.05)]
Segment[(4.34, -1.24), (1.46, -0.42)]
Segment[(5.06, -11.44), (3.85, -8.70)]
Segment[(-3.95, 1.87), (-1.24, 0.59)]
Segment[(5.48, -7.54), (3.72, -5.12)]
Segment[(4.62, 8.33), (3.16, 5.71)]
Segment[(5.85, 1.75), (2.98, 0.89)]
Segment[(2.24, 3.08), (0.47, 0.65)]
Segment[(-1.70, -2.07), (0.20, 0.25)]
Segment[(9.53, 7.34), (7.16, 5.51)]
Segment[(-7.53, 10.36), (-5.76, 7.93)]
Segment[(-5.60, 7.15), (-3.75, 4.79)]
Segment[(2.23, -4.50), (0.90, -1.81)]
Segment[(-9.19, -6.80), (-6.78, -5.02)]
Segment[(-1.45, 4.77), (-0.58, 1.90)]
Segment[(8.64, 3.48), (5.86, 2.36)]
Segment[(-12.67, -0.05), (-9.67, -0.04)]
Segment[(3.09, -2.54), (0.77, -0.63)]
Segment[(-3.50, 5.95), (-1.98, 3.37)]
Segment[(-1.11, 8.29), (-0.71, 5.32)]
Segment[(-1.93, 2.43), (-0.06, 0.08)]
Segment[(11.27, 6.04), (8.62, 4.62)]
Segment[(-9.12, -7.01), (-6.75, -5.18)]
Segment[(-11.55, -2.61), (-8.62, -1.95)]
Segment[(2.80, -11.65), (2.10, -8.73)]
Segment[(0.51, -6.62), (0.28, -3.63)]
Segment[(-3.76, 3.43), (-1.54, 1.40)]
Segment[(-2.23, -2.12), (-0.05, -0.05)]
Segment[(-3.08, -4.50), (-1.39, -2.03)]
Segment[(0.94, -8.21), (0.60, -5.23)]
Segment[(7.37, 9.81), (5.57, 7.41)]
Segment[(-3.31, 7.55), (-2.11, 4.80)]
Segment[(-5.32, -8.81), (-3.77, -6.24)]
Segment[(3.81, 0.33), (0.82, 0.07)]
Segment[(-1.50, 11.19), (-1.10, 8.21)]
Segment[(-7.80, 10.41), (-6.00, 8.01)]
Segment[(-1.22, 1.32), (0.81, -0.88)]
Segment[(-4.13, 0.07), (-1.13, 0.02)]
Segment[(-3.59, 6.10), (-2.07, 3.51)]
Segment[(-5.55, 1.44), (-2.65, 0.69)]
Segment[(3.80, -11.51), (2.86, -8.66)]
Segment[(-6.23, 3.96), (-3.70, 2.35)]
Segment[(11.02, 5.21), (8.31, 3.92)]
Segment[(-9.47, -2.36), (-6.56, -1.63)]
Segment[(-1.50, -8.60), (-0.99, -5.65)]
Segment[(-9.53, 9.52), (-7.41, 7.40)]
Segment[(9.43, -4.62), (6.74, -3.30)]
Segment[(4.61, -1.07), (1.69, -0.39)]
Segment[(-5.89, -0.22), (-2.90, -0.11)]
Segment[(0.89, -2.21), (-0.23, 0.57)]
Segment[(-0.35, 3.76), (-0.07, 0.77)]
Segment[(12.01, 0.47), (9.01, 0.36)]
Segment[(-5.70, -6.69), (-3.76, -4.41)]
Segment[(-1.38, 0.76), (1.24, -0.69)]
Segment[(1.75, 2.99), (0.23, 0.40)]
Segment[(-5.10, 4.28), (-2.80, 2.35)]
Segment[(1.73, -2.50), (0.02, -0.03)]
Segment[(1.51, -4.78), (0.60, -1.92)]
Segment[(3.96, -3.68), (1.76, -1.63)]
Segment[(5.68, -1.55), (2.79, -0.76)]
Segment[(1.26, -1.58), (-0.61, 0.76)]
Segment[(2.59, 5.63), (1.34, 2.91)]
Segment[(7.64, -6.07), (5.29, -4.20)]
Segment[(-9.20, 0.82), (-6.21, 0.55)]
Segment[(0.28, -1.97), (-0.14, 1.00)]
Segment[(-2.38, 7.45), (-1.47, 4.59)]
Segment[(-8.71, -7.26), (-6.40, -5.34)]
Segment[(-2.18, -1.54), (0.27, 0.19)]
Segment[(6.76, 3.31), (4.07, 1.99)]
Segment[(-5.40, 5.76), (-3.35, 3.57)]
Segment[(-4.22, -9.23), (-2.97, -6.50)]
Segment[(0.77, -1.64), (-0.50, 1.07)]
Segment[(0.05, 2.29), (-0.02, -0.71)]
Segment[(3.06, 12.19), (2.33, 9.28)]
Segment[(4.48, -1.86), (1.71, -0.71)]
Segment[(0.46, -9.21), (0.31, -6.21)]
Segment[(2.45, 0.73), (-0.42, -0.13)]
Segment[(-12.72, 1.82), (-9.75, 1.39)]
Segment[(6.19, -1.71), (3.30, -0.91)]
Segment[(-8.48, 6.52), (-6.10, 4.69)]
Segment[(-4.03, 4.63), (-2.06, 2.37)]
Segment[(12.86, 2.16), (9.90, 1.66)]
Segment[(-0.62, 9.73), (-0.43, 6.74)]
Segment[(-10.63, -1.49), (-7.65, -1.07)]
Segment[(-0.87, -11.51), (-0.65, -8.51)]
Segment[(-8.77, 6.01), (-6.30, 4.32)]
Segment[(7.47, 7.29), (5.33, 5.19)]
Segment[(-1.38, 6.78), (-0.78, 3.84)]
Segment[(-7.41, 0.92), (-4.43, 0.55)]
Segment[(-2.75, 0.70), (0.16, -0.04)]
Segment[(4.44, 0.54), (1.46, 0.18)]
Segment[(2.10, -2.85), (0.32, -0.44)]
Segment[(-6.95, 3.22), (-4.23, 1.96)]
Segment[(6.11, 3.59), (3.52, 2.07)]
Segment[(-3.15, -7.58), (-2.00, -4.81)]
Segment[(0.13, 1.59), (-0.11, -1.40)]
Segment[(-3.10, 5.13), (-1.55, 2.56)]
Segment[(7.39, 3.59), (4.69, 2.28)]
Segment[(4.81, -10.04), (3.51, -7.33)]
Segment[(0.80, 2.87), (-0.01, -0.02)]
Segment[(1.18, -1.53), (-0.66, 0.85)]
Segment[(5.46, 4.51), (3.15, 2.60)]
Segment[(-8.65, 7.51), (-6.39, 5.54)]
Segment[(-1.87, 3.20), (-0.35, 0.61)]
Segment[(3.60, 8.00), (2.37, 5.26)]
Segment[(6.52, -5.26), (4.18, -3.38)]
Segment[(-8.83, -3.66), (-6.06, -2.51)]
Segment[(5.88, 12.31), (4.59, 9.61)]
Segment[(-2.72, 6.70), (-1.59, 3.92)]
Segment[(-6.08, 7.77), (-4.23, 5.41)]
Segment[(-3.34, 8.54), (-2.25, 5.74)]
Segment[(-2.50, -1.50), (0.07, 0.04)]
Segment[(5.58, -3.85), (3.11, -2.14)]
Segment[(5.55, 1.66), (2.68, 0.80)]
Segment[(-13.03, -4.89), (-10.22, -3.84)]
Segment[(9.44, 7.77), (7.13, 5.87)]
Segment[(0.74, -2.26), (-0.19, 0.59)]
Segment[(-3.42, -2.65), (-1.05, -0.81)]
Segment[(6.59, 1.03), (3.62, 0.56)]
Segment[(-2.19, -1.00), (0.54, 0.25)]
Segment[(8.56, 11.03), (6.72, 8.66)]
Segment[(-6.65, 6.09), (-4.44, 4.06)]
Segment[(-6.33, -9.85), (-4.70, -7.32)]
Segment[(-1.11, -5.23), (-0.49, -2.29)]
Segment[(5.45, 6.81), (3.58, 4.47)]
Segment[(0.85, 1.67), (-0.51, -1.00)]
Segment[(-0.62, -2.08), (0.24, 0.79)]
Segment[(1.58, 0.49), (-1.28, -0.40)]
Segment[(-5.79, 2.49), (-3.03, 1.31)]
Segment[(2.51, 1.62), (-0.01, -0.01)]
Segment[(-2.20, 1.85), (0.10, -0.08)]
Segment[(-2.27, -12.09), (-1.72, -9.14)]
Segment[(3.25, 2.60), (0.91, 0.73)]
Segment[(-6.49, -1.64), (-3.58, -0.91)]
Segment[(0.24, 13.36), (0.18, 10.36)]
Segment[(-3.37, -2.65), (-1.01, -0.80)]
Segment[(-4.29, 10.00), (-3.11, 7.25)]
Segment[(-3.60, 5.83), (-2.02, 3.27)]
Segment[(12.96, 4.88), (10.15, 3.82)]
Segment[(-10.26, 2.06), (-7.31, 1.47)]
Segment[(-11.90, -2.75), (-8.98, -2.07)]
Segment[(10.69, -2.95), (7.80, -2.15)]
Segment[(-3.29, 2.14), (-0.77, 0.50)]
Segment[(-1.03, 13.30), (-0.80, 10.31)]
Segment[(-7.17, 2.01), (-4.28, 1.20)]
Segment[(4.94, -4.61), (2.75, -2.57)]
Segment[(9.04, -7.27), (6.70, -5.39)]
Segment[(-5.13, -2.03), (-2.34, -0.93)]
Segment[(-3.53, 0.75), (-0.59, 0.13)]
Segment[(2.73, 1.83), (0.24, 0.16)]
Segment[(8.88, -4.92), (6.25, -3.46)]
Segment[(1.31, 0.97), (-1.11, -0.82)]
Segment[(1.39, -4.76), (0.55, -1.88)]
Segment[(-4.35, -13.01), (-3.40, -10.17)]
Segment[(2.76, 4.45), (1.18, 1.90)]
Segment[(-1.81, 0.33), (1.14, -0.21)]
Segment[(-0.64, 10.30), (-0.46, 7.31)]
Segment[(-7.54, -10.28), (-5.77, -7.86)]
Segment[(-3.69, -3.31), (-1.45, -1.30)]
Segment[(5.60, -4.20), (3.20, -2.40)]
Segment[(-3.36, -4.57), (-1.59, -2.16)]
Segment[(-6.54, -5.97), (-4.33, -3.95)]
Segment[(-3.10, 9.54), (-2.17, 6.68)]
Segment[(4.36, 9.27), (3.08, 6.55)]
Segment[(-0.35, -2.11), (0.14, 0.85)]
Segment[(5.44, -0.66), (2.46, -0.30)]
Segment[(-11.04, -4.64), (-8.28, -3.47)]
Segment[(-0.19, -2.70), (0.02, 0.29)]
Segment[(3.83, -5.49), (2.11, -3.03)]
Segment[(12.59, -5.56), (9.85, -4.35)]
Segment[(11.24, 2.35), (8.30, 1.74)]
Segment[(1.52, -5.64), (0.74, -2.74)]
Segment[(1.00, 13.21), (0.77, 10.22)]
Segment[(-0.57, -4.32), (-0.18, -1.34)]
Segment[(3.12, 6.40), (1.80, 3.70)]
Segment[(-2.94, -4.27), (-1.24, -1.80)]
Segment[(0.91, -1.23), (-0.87, 1.18)]
Segment[(10.47, 2.60), (7.56, 1.87)]
Segment[(-4.40, -0.04), (-1.40, -0.01)]
Segment[(5.58, 9.29), (4.03, 6.71)]
Segment[(4.58, -4.27), (2.38, -2.23)]
Segment[(-8.81, 3.28), (-6.00, 2.24)]
Segment[(-4.73, 5.98), (-2.86, 3.62)]
Segment[(0.65, 6.82), (0.37, 3.84)]
Segment[(5.03, -4.38), (2.77, -2.41)]
Segment[(12.83, 3.71), (9.95, 2.88)]
Segment[(-5.32, 4.52), (-3.04, 2.58)]
Segment[(-2.29, -0.44), (0.66, 0.13)]
Segment[(-10.73, -3.53), (-7.88, -2.60)]
Segment[(1.56, 5.44), (0.74, 2.56)]
Segment[(-9.03, -6.47), (-6.59, -4.72)]
Segment[(-0.76, 8.93), (-0.51, 5.94)]
Segment[(12.27, 4.67), (9.47, 3.60)]
Segment[(-9.56, 6.04), (-7.02, 4.44)]
Segment[(11.90, 3.15), (9.00, 2.39)]
Segment[(5.38, 5.47), (3.28, 3.33)]
Segment[(2.10, 1.43), (-0.38, -0.26)]
Segment[(-0.32, 8.45), (-0.21, 5.45)]
Segment[(6.48, 7.19), (4.47, 4.96)]
Segment[(-2.26, 3.75), (-0.71, 1.18)]
Segment[(-12.97, 1.24), (-9.99, 0.95)]
Segment[(-3.37, -1.44), (-0.61, -0.26)]
Segment[(-2.01, -1.47), (0.41, 0.30)]
Segment[(4.89, -11.19), (3.69, -8.44)]
Segment[(-11.28, 4.93), (-8.54, 3.73)]
Segment[(-6.40, -5.91), (-4.19, -3.88)]
Segment[(3.80, 1.02), (0.90, 0.24)]
Segment[(-10.38, 0.71), (-7.39, 0.50)]
Segment[(-11.93, 6.65), (-9.31, 5.19)]
Segment[(-6.34, -1.24), (-3.40, -0.67)]
Segment[(9.16, 8.73), (6.99, 6.66)]
Segment[(-1.08, -4.53), (-0.39, -1.61)]
Segment[(-3.09, -6.98), (-1.87, -4.23)]
Segment[(-0.90, -5.73), (-0.43, -2.76)]
Segment[(-3.42, 3.04), (-1.18, 1.05)]
Segment[(0.71, -1.45), (-0.61, 1.25)]
Segment[(-1.06, 1.10), (1.02, -1.06)]
Segment[(-9.95, -3.61), (-7.13, -2.59)]
Segment[(-2.35, -7.20), (-1.42, -4.35)]
Segment[(3.62, -9.19), (2.52, -6.40)]
Segment[(-0.85, 4.17), (-0.25, 1.23)]
Segment[(2.71, 0.70), (-0.20, -0.05)]
Segment[(-4.06, 7.97), (-2.70, 5.29)]
Segment[(3.62, 3.62), (1.50, 1.50)]
Segment[(0.33, 6.41), (0.18, 3.41)]
Segment[(-0.27, -2.04), (0.12, 0.94)]
Segment[(-6.66, -4.76), (-4.22, -3.01)]
Segment[(-7.44, -5.42), (-5.01, -3.66)]
Segment[(4.30, 3.84), (2.06, 1.84)]
Segment[(-0.71, -1.72), (0.43, 1.05)]
Segment[(-0.10, 2.58), (0.02, -0.42)]
Segment[(-8.42, -0.10), (-5.42, -0.06)]
Segment[(-2.71, 1.20), (0.03, -0.01)]
Segment[(-5.54, -4.80), (-3.27, -2.84)]
Segment[(-3.91, 4.08), (-1.83, 1.91)]
Segment[(-2.98, -10.33), (-2.15, -7.45)]
Segment[(-3.19, -4.02), (-1.33, -1.67)]
Segment[(10.73, 5.34), (8.04, 4.00)]
Segment[(9.59, -4.98), (6.93, -3.60)]
Segment[(4.71, -0.11), (1.71, -0.04)]
Segment[(12.20, -0.82), (9.21, -0.62)]
Segment[(9.11, -10.16), (7.11, -7.93)]
Segment[(12.91, -0.98), (9.92, -0.75)]
Segment[(-7.24, 0.12), (-4.24, 0.07)]
Segment[(11.17, 1.36), (8.20, 0.99)]
Segment[(-6.82, -0.52), (-3.83, -0.29)]
Segment[(-12.09, -4.10), (-9.25, -3.13)]
Segment[(2.74, 12.88), (2.12, 9.95)]
Segment[(-0.81, -3.13), (-0.06, -0.23)]
Segment[(1.21, -1.37), (-0.78, 0.88)]
Segment[(3.79, -1.02), (0.89, -0.24)]
Segment[(-1.32, -8.67), (-0.87, -5.71)]
Segment[(2.26, 12.85), (1.74, 9.90)]
Segment[(4.53, -6.10), (2.74, -3.69)]
Segment[(5.41, -1.07), (2.47, -0.49)]
Segment[(11.44, -2.92), (8.53, -2.18)]
Segment[(-1.36, 6.91), (-0.78, 3.97)]
Segment[(-2.05, 3.52), (-0.54, 0.93)]
Segment[(-2.27, 0.60), (0.63, -0.17)]
Segment[(8.21, 10.33), (6.35, 7.99)]
Segment[(2.64, 5.37), (1.32, 2.68)]
Segment[(2.62, 1.85), (0.17, 0.12)]
Segment[(-0.67, -5.51), (-0.31, -2.53)]
Segment[(4.11, -6.57), (2.52, -4.03)]
Segment[(-4.67, 3.46), (-2.26, 1.68)]
Segment[(11.55, -2.41), (8.61, -1.79)]
Segment[(-8.17, 2.23), (-5.28, 1.44)]
Segment[(9.69, 9.95), (7.59, 7.80)]
Segment[(4.54, -4.19), (2.34, -2.15)]
Segment[(7.98, 2.07), (5.07, 1.32)]
Segment[(0.18, 12.90), (0.14, 9.90)]
Segment[(6.23, -4.28), (3.76, -2.58)]
Segment[(7.30, -5.86), (4.96, -3.98)]
Segment[(7.93, 2.87), (5.11, 1.85)]
Segment[(6.88, -11.16), (5.30, -8.61)]
Segment[(-2.72, 7.05), (-1.64, 4.25)]
Segment[(-1.89, -0.36), (1.06, 0.20)]
Segment[(5.84, -5.74), (3.70, -3.63)]
Segment[(10.63, -6.91), (8.11, -5.28)]
Segment[(-1.74, 12.43), (-1.32, 9.46)]
Segment[(4.07, -5.37), (2.26, -2.98)]
Segment[(1.73, 1.41), (-0.60, -0.49)]
Segment[(-11.54, -1.79), (-8.58, -1.33)]
Segment[(0.70, 1.95), (-0.31, -0.87)]
Segment[(-3.41, -4.03), (-1.47, -1.74)]
Segment[(2.46, -4.08), (0.91, -1.51)]
Segment[(0.46, 1.56), (-0.39, -1.32)]
Segment[(-0.02, -1.61), (0.02, 1.39)]
Segment[(0.18, -5.27), (0.08, -2.27)]
Segment[(-9.04, 0.88), (-6.06, 0.59)]
Segment[(-4.50, -3.62), (-2.16, -1.74)]
Segment[(3.34, -11.29), (2.49, -8.42)]
Segment[(1.70, 3.19), (0.29, 0.54)]
Segment[(4.09, -10.49), (3.00, -7.69)]
Segment[(1.37, -1.74), (-0.49, 0.62)]
Segment[(-13.34, 4.24), (-10.48, 3.33)]
Segment[(-6.17, -3.60), (-3.58, -2.09)]
Segment[(10.34, 0.63), (7.35, 0.45)]
Segment[(-4.66, 0.90), (-1.72, 0.33)]
Segment[(0.05, 2.80), (-0.00, -0.20)]
Segment[(-5.56, -9.71), (-4.07, -7.10)]
Segment[(10.08, -2.12), (7.14, -1.50)]
Segment[(1.54, -0.64), (-1.23, 0.51)]
Segment[(-6.67, 2.58), (-3.87, 1.50)]
Segment[(10.57, -2.84), (7.67, -2.06)]
Segment[(-8.33, -6.66), (-5.99, -4.79)]
Segment[(1.87, -1.23), (-0.64, 0.42)]
Segment[(-12.35, 5.08), (-9.58, 3.94)]
Segment[(-5.10, 6.39), (-3.23, 4.05)]
Segment[(-9.01, 7.45), (-6.70, 5.54)]
Segment[(3.55, 0.04), (0.55, 0.01)]
Segment[(-1.10, 1.69), (0.53, -0.82)]
Segment[(-0.60, 13.22), (-0.47, 10.22)]
Segment[(7.22, -3.90), (4.58, -2.48)]
Segment[(-0.17, 2.73), (0.02, -0.27)]
Segment[(-7.78, -8.57), (-5.76, -6.35)]
Segment[(-1.43, 4.59), (-0.54, 1.72)]
Segment[(-3.67, -9.55), (-2.59, -6.75)]
Segment[(1.22, 4.16), (0.38, 1.28)]
Segment[(3.29, -0.71), (0.36, -0.08)]
Segment[(-0.31, -10.11), (-0.22, -7.11)]
Segment[(2.39, -0.94), (-0.40, 0.16)]
Segment[(-10.46, -2.14), (-7.53, -1.54)]
Segment[(2.68, 1.93), (0.24, 0.17)]
Segment[(-5.32, 0.23), (-2.32, 0.10)]
Segment[(-3.73, -4.71), (-1.87, -2.36)]
Segment[(-6.73, 3.15), (-4.01, 1.88)]
Segment[(7.07, -2.71), (4.27, -1.63)]
Segment[(-3.79, -10.63), (-2.78, -7.81)]
Segment[(-1.79, -1.81), (0.32, 0.32)]
Segment[(-6.95, -0.84), (-3.97, -0.48)]
Segment[(-0.28, -2.39), (0.07, 0.59)]
Segment[(9.57, 1.08), (6.59, 0.74)]
Segment[(3.80, -11.61), (2.87, -8.76)]
Segment[(-10.65, 6.11), (-8.04, 4.61)]
Segment[(-5.36, 8.98), (-3.82, 6.40)]
Segment[(-4.08, -0.44), (-1.10, -0.12)]
Segment[(-8.77, -1.80), (-5.83, -1.20)]
Segment[(12.01, -5.38), (9.27, -4.15)]
Segment[(-6.12, -12.18), (-4.77, -9.50)]
Segment[(1.42, 1.83), (-0.42, -0.54)]
Segment[(9.17, 9.21), (7.05, 7.08)]
Segment[(2.50, -2.29), (0.29, -0.26)]
Segment[(-0.48, 2.56), (0.07, -0.39)]
Segment[(3.71, -3.59), (1.55, -1.51)]
Segment[(-9.15, 3.84), (-6.39, 2.68)]
Segment[(-5.17, -0.86), (-2.21, -0.37)]
Segment[(2.72, -0.79), (-0.16, 0.05)]
Segment[(-4.14, 0.81), (-1.20, 0.24)]
Segment[(-6.53, -5.74), (-4.27, -3.76)]
Segment[(-1.20, -1.53), (0.65, 0.83)]
Segment[(-1.78, -1.20), (0.71, 0.47)]
Segment[(5.72, -10.35), (4.27, -7.72)]
Segment[(13.35, -3.27), (10.43, -2.56)]
Segment[(0.61, 2.96), (0.00, 0.02)]
Segment[(4.04, 2.73), (1.56, 1.05)]
Segment[(11.27, 2.37), (8.33, 1.75)]
Segment[(9.93, -5.21), (7.27, -3.82)]
Segment[(0.08, -4.82), (0.03, -1.82)]
Segment[(-10.83, 6.44), (-8.26, 4.91)]
Segment[(3.52, -1.44), (0.75, -0.31)]
Segment[(2.06, 6.32), (1.13, 3.47)]
Segment[(1.83, 8.80), (1.22, 5.86)]
Segment[(-0.15, -6.39), (-0.08, -3.39)]
Segment[(-9.28, 2.95), (-6.42, 2.04)]
Segment[(1.82, -0.14), (-1.17, 0.09)]
Segment[(-8.59, -7.12), (-6.28, -5.20)]
Segment[(2.30, -5.19), (1.08, -2.45)]
Segment[(-5.82, 4.31), (-3.41, 2.52)]
Segment[(-5.69, 8.99), (-4.08, 6.45)]
Segment[(5.82, 8.08), (4.07, 5.65)]
Segment[(-1.41, 3.32), (-0.24, 0.56)]
Segment[(12.55, 2.80), (9.63, 2.15)]
Segment[(-7.87, -11.55), (-6.18, -9.07)]
Segment[(9.39, 6.52), (6.92, 4.81)]
Segment[(-3.77, 1.53), (-0.99, 0.40)]
Segment[(4.26, 7.62), (2.80, 5.00)]
Segment[(-0.96, 3.67), (-0.20, 0.76)]
Segment[(1.44, 3.30), (0.24, 0.55)]
Segment[(-8.95, -4.80), (-6.30, -3.38)]
Segment[(2.08, -1.16), (-0.54, 0.30)]
Segment[(-1.18, 3.39), (-0.19, 0.55)]
Segment[(-0.50, -1.43), (0.49, 1.40)]
Segment[(1.39, 1.14), (-0.93, -0.77)]
Segment[(5.81, 3.74), (3.29, 2.12)]
Segment[(-1.10, 2.88), (-0.03, 0.08)]
Segment[(7.25, 10.19), (5.51, 7.74)]
Segment[(-1.05, 2.14), (0.27, -0.55)]
Segment[(1.56, 3.54), (0.35, 0.79)]
Segment[(-6.76, 1.28), (-3.81, 0.72)]
Segment[(-6.65, -6.43), (-4.50, -4.35)]
Segment[(-9.37, 1.59), (-6.41, 1.09)]
Segment[(1.52, 0.16), (-1.46, -0.16)]
Segment[(-7.18, -6.51), (-4.96, -4.50)]
Segment[(-4.83, -9.61), (-3.48, -6.93)]
Segment[(2.11, -0.58), (-0.79, 0.22)]
Segment[(13.42, -1.33), (10.43, -1.04)]
Segment[(-10.57, 1.57), (-7.60, 1.13)]
Segment[(7.90, -3.11), (5.11, -2.01)]
Segment[(-9.37, -7.92), (-7.08, -5.99)]
Segment[(6.83, -3.04), (4.09, -1.82)]
Segment[(4.18, 1.06), (1.27, 0.32)]
Segment[(-3.78, 12.43), (-2.91, 9.56)]
Segment[(6.12, 7.64), (4.25, 5.30)]
Segment[(-5.83, -10.62), (-4.39, -7.99)]
Segment[(9.76, 3.20), (6.91, 2.27)]
Segment[(-2.74, -7.69), (-1.74, -4.86)]
Segment[(-1.14, -2.15), (0.27, 0.50)]
Segment[(5.46, 3.30), (2.89, 1.74)]
Segment[(-3.67, -3.35), (-1.45, -1.33)]
Segment[(-11.09, -7.63), (-8.62, -5.93)]
Segment[(-10.09, 5.69), (-7.47, 4.22)]
Segment[(3.79, -2.24), (1.20, -0.71)]
Segment[(4.42, -1.31), (1.55, -0.46)]
Segment[(3.75, 0.85), (0.83, 0.19)]
Segment[(-12.37, 0.64), (-9.38, 0.49)]
Segment[(8.31, 6.65), (5.96, 4.77)]
Segment[(0.84, 12.29), (0.64, 9.29)]
Segment[(-5.33, 11.41), (-4.06, 8.69)]
Segment[(5.86, -11.52), (4.50, -8.85)]
Segment[(4.13, -6.60), (2.54, -4.05)]
Segment[(-3.33, -2.67), (-0.99, -0.79)]
Segment[(-2.27, 3.70), (-0.70, 1.15)]
Segment[(1.81, 9.74), (1.26, 6.79)]
Segment[(1.64, 1.91), (-0.31, -0.36)]
Segment[(-0.39, 4.96), (-0.15, 1.97)]
Segment[(-6.06, -0.21), (-3.06, -0.11)]
Segment[(-8.31, -1.58), (-5.36, -1.02)]
Segment[(2.71, 3.07), (0.73, 0.82)]
Segment[(-0.36, -1.58), (0.31, 1.35)]